{"cells":[{"cell_type":"code","execution_count":8,"metadata":{"colab":{"base_uri":"https://localhost:8080/"},"executionInfo":{"elapsed":382,"status":"ok","timestamp":1725245134676,"user":{"displayName":"shrijal shrestha | AP22110011518","userId":"12676704488140563637"},"user_tz":-330},"id":"xR_TWV1g7ebx","outputId":"4f46d4b3-2360-4eba-e188-35cee86e40dd"},"outputs":[{"name":"stdout","output_type":"stream","text":["No. of features(N): 12\n","Vector array: [0.88131805 0.58921119 0.23600031 0.94503311 0.61764335 0.34211085\n"," 0.58772443 0.48080785 0.86560253 0.47734499 0.75296768 0.77658082]\n","Mean of the sample: 0.6293620972968562\n","Varience of the sample: 0.049254426173079395\n"]}],"source":["import numpy as np\n","\n","# Selecting a random N between 10 and 15\n","N = np.random.randint(10, 15)\n","# 1xN dimensional vector(array)\n","array = np.random.random(N)\n","\n","# Calculating mean of sample\n","mean = sum(array)/N\n","# Calculating variance of sample\n","variance = sum((array - mean)**2)/(N-1)\n","\n","print(f'No. of features(N): {N}')\n","print(f'Vector array: {array}')\n","print(f'Mean of the sample: {mean}')\n","print(f'Variance of the sample: {variance}')"]},{"cell_type":"code","execution_count":10,"metadata":{"colab":{"base_uri":"https://localhost:8080/"},"executionInfo":{"elapsed":436,"status":"ok","timestamp":1725245662524,"user":{"displayName":"shrijal shrestha | AP22110011518","userId":"12676704488140563637"},"user_tz":-330},"id":"WiRrB1BaLKnM","outputId":"a52c4ec3-d852-42a2-96f2-ba4482988ec5"},"outputs":[{"name":"stdout","output_type":"stream","text":["Vector X: [0.76257894 0.69532736 0.80616939 0.83307544 0.8511042  0.58188547\n"," 0.78851301 0.3557782  0.71589217 0.39446065 0.2300129  0.62847267\n"," 0.25128063 0.56832876]\n","Vector Y: [0.25041994 0.64829247 0.13214953 0.72857253 0.90240148 0.746021\n"," 0.13451796 0.78438913 0.49043383 0.70967188 0.93163715 0.76422269\n"," 0.53599062 0.94211711]\n","Mean of Vector X: 0.6044914134005348\n","Mean of Vector Y: 0.6214883795882732\n","Covariance: -0.02471866940451313\n"]}],"source":["import numpy as np\n","\n","# Selecting a random M between 10 and 15\n","M = np.random.randint(10, 15)\n","x = np.random.random(M)\n","y = np.random.random(M)\n","\n","# Calculating mean of samples\n","x_bar = x.mean()\n","y_bar = y.mean()\n","\n","# Calculating covarience between x and y\n","covariance = np.sum((x-x_bar).dot(y-y_bar))/(M-1)\n","\n","print(f\"No. of features(N): {N}\")\n","print(f\"Vector X: {x}\")\n","print(f\"Vector Y: {y}\")\n","print(f\"Mean of Vector X: {x_bar}\")\n","print(f\"Mean of Vector Y: {y_bar}\")\n","print(f\"Covariance: {covariance}\")"]},{"cell_type":"code","execution_count":14,"metadata":{"colab":{"base_uri":"https://localhost:8080/"},"executionInfo":{"elapsed":469,"status":"ok","timestamp":1725246150950,"user":{"displayName":"shrijal shrestha | AP22110011518","userId":"12676704488140563637"},"user_tz":-330},"id":"WGwlATN4QwW5","outputId":"42385acf-223c-432b-ff8b-72e4be7e5b73"},"outputs":[{"name":"stdout","output_type":"stream","text":["No. of features(N): 12\n","Vector X: [0.16377076 0.75007193 0.76567594 0.75042153 0.69794282 0.26570956\n"," 0.15355834 0.3782113  0.00519163 0.45570036 0.51828245 0.79705103]\n","Vector Y: [0.24155338 0.09360154 0.23701441 0.9857868  0.85095608 0.36583296\n"," 0.07706865 0.41000456 0.80825703 0.08032773 0.2833642  0.79941099]\n","Correlation: 0.22091483532869077\n"]}],"source":["import numpy as np\n","\n","# Selecting a random N between 10 and 15\n","N = np.random.randint(10, 15)\n","\n","# 1xN dimensional vectors(arrays)\n","X = np.random.random(N)\n","Y = np.random.random(N)\n","\n","# Calculating mean of samples\n","X_bar = X.mean()\n","Y_bar = Y.mean()\n","\n","# Calculating covarience between x and y\n","covarience = np.sum((X-X_bar).dot(Y-Y_bar)) / (N-1)\n","var_X = sum((X - X_bar)**2) / (N-1)\n","var_Y = sum((Y - Y_bar)**2) / (N-1)\n","\n","# Calculating correlation\n","correlation = covarience/(np.sqrt(var_X * var_Y))\n","\n","print(f\"No. of features(N): {N}\")\n","print(f\"Vector X: {X}\")\n","print(f\"Vector Y: {Y}\")\n","print(f\"Correlation: {correlation}\")"]},{"cell_type":"code","execution_count":15,"metadata":{"colab":{"base_uri":"https://localhost:8080/"},"executionInfo":{"elapsed":370,"status":"ok","timestamp":1725246818053,"user":{"displayName":"shrijal shrestha | AP22110011518","userId":"12676704488140563637"},"user_tz":-330},"id":"RnVmARaGiRql","outputId":"fc4df215-d336-404b-b7a8-ece028c2bcc5"},"outputs":[{"name":"stdout","output_type":"stream","text":["Matrix (M x N):\n","[[0.1463706  0.30922571 0.72795675 0.80720666 0.85354334 0.64869581\n","  0.56714699 0.31392262 0.62679097 0.16296764]\n"," [0.39977491 0.84669472 0.00986774 0.16523026 0.35800291 0.57750466\n","  0.10395155 0.63040688 0.99667827 0.20682452]\n"," [0.22250906 0.6920698  0.07541797 0.66047887 0.90606517 0.59767709\n","  0.39210673 0.31449197 0.84968011 0.8534974 ]\n"," [0.94195757 0.98076542 0.08691901 0.93974452 0.18039349 0.47303975\n","  0.11674417 0.13181438 0.74334179 0.1598135 ]\n"," [0.24951954 0.31614663 0.2727638  0.49545839 0.31434895 0.56526618\n","  0.41432907 0.46139629 0.95232613 0.52151624]]\n","\n","Covariance Matrix:\n","[[ 0.06210085 -0.01614723  0.01153172 -0.01317773  0.00732136]\n"," [-0.01614723  0.09655029  0.03270357  0.05279923  0.03221219]\n"," [ 0.01153172  0.03270357  0.0755827   0.01715763  0.02677561]\n"," [-0.01317773  0.05279923  0.01715763  0.13447106  0.00894258]\n"," [ 0.00732136  0.03221219  0.02677561  0.00894258  0.03817264]]\n","\n","Correlation Matrix:\n","[[ 1.         -0.20853189  0.16831943 -0.14420405  0.15037205]\n"," [-0.20853189  1.          0.38283112  0.46337906  0.53060013]\n"," [ 0.16831943  0.38283112  1.          0.1701891   0.49848494]\n"," [-0.14420405  0.46337906  0.1701891   1.          0.12481662]\n"," [ 0.15037205  0.53060013  0.49848494  0.12481662  1.        ]]\n"]}],"source":["import numpy as np\n","\n","M = 5  # Number of features\n","N = 10  # Number of samples\n","\n","# Create a random matrix of shape (M, N)\n","matrix = np.random.rand(M, N)\n","\n","# Compute the covariance matrix and correlation matrix\n","covariance_matrix = np.cov(matrix, rowvar=True, bias=True)\n","correlation_matrix = np.corrcoef(matrix)\n","\n","print(\"Matrix (M x N):\")\n","print(matrix)\n","print(\"\\nCovariance Matrix:\")\n","print(covariance_matrix)\n","print(\"\\nCorrelation Matrix:\")\n","print(correlation_matrix)"]}],"metadata":{"colab":{"authorship_tag":"ABX9TyOZrp5hI9Wh7hWbgw9UC5UH","provenance":[]},"kernelspec":{"display_name":"Python 3","name":"python3"},"language_info":{"name":"python"}},"nbformat":4,"nbformat_minor":0}
